0.501962324
-0.48373305
0.344628897
0.114099062
0.462978298
0.114830727
-0.184244163
0.102314247
-0.179128298
0.142317965
0.311030116
-0.358735441
0.180018009
0.382117679
-0.3678788
-0.535939681
0.163254236
0.175588835
-0.0475606996
-0.324081638
0.417485718
0.23548243
-0.344362766
0.145012836
0.0313410868
0.0582899746
0.261171056
-0.0894273468
-0.16703248
0.0907860042
-0.245651495
0.530344896
-0.109476383
0.0475103979
0.271313708
-0.129238788
-0.00964633856
0.141251501
-0.446575394
0.140001153
-0.00974128838
0.233725803
-0.416255849
-0.256670246
-0.376312138
-0.18001427
0.325179271
-0.503302115
