-0.0421815633
0.286144051
-0.0314567589
0.0469334582
-0.177285353
0.219819298
0.0806529251
-0.199338161
0.322342517
0.0470155085
0.20205222
-0.0452074751
-0.173088892
0.235760564
-0.257300128
0.170650414
-0.107387433
-0.24606391
0.175357943
0.215825243
-0.201617826
-0.076444432
-0.217069386
-0.225191507
0.107244208
0.162636057
0.326904875
-0.29472965
-0.270985767
0.0243395062
-0.00569252398
0.0429461528
0.19905846
-0.307587449
0.250690942
-0.188445256
0.0886514721
-0.267363056
0.151289391
0.112212861
0.28023217
-0.0603443999
-0.224011344
0.175798361
-0.12831521
-0.0385771571
-0.270403211
0.224956043
-0.272861022
0.179268486
0.260518561
0.174505256
0.303527775
-0.225638211
0.221796694
0.119555096
0.300695843
0.0744395744
-0.0800105848
-0.176854809
-0.0407319518
-0.263519082
-0.124375453
-0.284872402
-0.0107886598
0.0833222411
-0.139373367
0.129252357
0.116577312
-0.0488851928
-0.273024494
0.164050382
0.118451946
-0.110306806
-0.0145285489
-0.0911728584
0.0362610179
-0.2933189
0.189036861
0.0950415218
-0.0679293445
-0.110101162
-0.122254048
-0.240173356
0.18012184
-0.289808039
0.0700985556
-0.263158994
-0.0771071912
-0.324221043
0.0315661437
0.117936148
0.131400333
0.130464078
0.0138998159
0.0545718605
0.176065208
-0.312569659
-0.238210744
-0.220360553
-0.242331651
-0.0422809806
0.222828415
0.321406447
-0.289946251
0.205583931
-0.0393521332
0.297105301
-0.0645709832
-0.0772708845
-0.0496315098
-0.0605620862
-0.0817883329
0.170254271
0.150212005
-0.0492548795
0.0629434698
-0.254428708
0.268954266
-0.0862779371
-0.164991317
-0.115099469
-0.31260017
0.131097007
0.228192497
0.151430094
-0.119992108
0.248666209
-0.123821246
0.110282443
0.0760949964
0.193637387
-0.109133299
0.00375379717
-0.0244231286
-0.273653388
-0.258095939
0.20468731
0.1024992
0.104898201
0.0784747075
0.107089795
-0.237108524
0.0221304423
-0.299105929
-0.252999983
-0.162742693
0.299746449
0.24612457
-0.184969067
-0.0662740662
-0.262031612
-0.0475518526
0.193976144
-0.0711146339
-0.250861027
0.154947942
0.191822705
-0.140688215
-0.0825030463
-0.204587141
0.275973519
0.055299702
0.272814616
0.0640550893
0.27215906
0.313432782
-0.16741989
-0.080218817
-0.0716923705
0.081463648
0.0705403149
-0.216851176
0.249630504
0.16904923
0.184789738
0.304785568
-0.186887343
-0.255477419
0.263838649
0.243329891
-0.258614593
0.318955943
0.0637442041
0.112270706
0.317898556
-0.295855014
0.00854962436
0.139306103
-0.271896652
0.187222896
-0.234460148
0.163511932
-0.050032121
-0.142419489
-0.31770442
-0.197382298
-0.125807278
0.0309198314
-0.294790388
0.0196958756
-0.27530067
-0.308478992
-0.0271330539
-0.0118897361
0.202988975
-0.180680849
0.0822063111
0.305853696
-0.0777151968
0.19817964
-0.155086765
0.0580674313
0.317503191
-0.326431218
-0.289399821
0.0601429498
-0.071064841
0.136783324
0.261700327
0.168120398
0.253084591
-0.208872557
-0.194310391
-0.0858262552
-0.319967418
0.100365624
0.0463986093
-0.243564015
-0.199937647
0.215097573
-0.236043385
-0.277546704
-0.114812598
-0.311217869
0.100484467
0.156422774
-0.140296845
-0.264918638
0.116197185
-0.163326721
0.228148903
0.130787268
0.276025832
-0.0439759046
0.278564298
-0.0991312887
-0.0937109671
-0.0377164848
-0.055746772
-0.0520560697
-0.0296193913
0.132169396
0.0833075565
-0.110311953
-0.131597173
0.278151629
-0.0559585675
-0.0567986388
0.266892164
0.320598497
-0.161751749
0.0060813277
0.181968471
0.14962322
0.110478434
-0.111911412
0.0613547629
-0.32662608
0.0313567417
0.00809996838
-0.0578416148
0.165295615
-0.0789953727
0.106796312
0.13830879
-0.188010022
0.233756023
0.298735623
-0.153968007
0.224524645
0.0263231636
-0.237195009
0.200342537
0.0157375091
-0.128091534
0.163313078
-0.107318399
0.0277934367
-0.113302899
-0.00824548897
-0.133778545
0.286827833
0.325751498
0.261427749
-0.103536
0.099001229
-0.195097276
-0.30011315
-0.055607754
0.303449815
0.107430693
-0.0982722985
-0.304700075
-0.287415063
0.00605572386
0.0776255399
-0.0309279139
0.280883192
0.279114882
0.221225629
0.158959403
0.0751803753
-0.311586922
0.035251793
0.13898329
0.0339429301
-0.0146248582
0.270092117
-0.07178967
-0.00712458191
-0.13190917
0.0668339556
0.188749886
0.170280158
0.0279932022
-0.18201842
0.158715925
0.301549481
-0.0283168671
-0.130400162
-0.248057926
0.173342679
-0.230627207
-0.0767725582
-0.155707745
-0.233762202
0.061121079
0.227545321
0.260518545
-0.226190983
-0.175230698
0.186507166
0.016068725
0.0782722017
0.0159233313
-0.115724986
0.30173834
0.305680625
0.00856146329
-0.294030918
-0.31159235
-0.290200884
-0.308852891
-0.322712272
0.208543196
0.320426195
0.197353379
0.314781481
-0.28475196
0.205768999
0.144119288
0.0383884441
-0.288134825
-0.185646634
0.259837089
-0.214055468
0.055436877
0.29536944
0.144181233
-0.0860248804
0.130685737
0.241830484
0.0882644933
-0.0904493249
-0.0695008485
-0.0310410715
-0.0624490194
-0.261489819
-0.264865812
-0.252991334
-0.0121733677
-0.200255234
0.0448786476
0.113994887
-0.208290217
-0.00749489056
-0.128245246
-0.12390828
0.000254558863
0.220801251
0.204626548
0.26680923
0.0249114941
-0.161924773
0.125475469
-0.118494071
-0.137198034
-0.0924399759
0.217284935
0.153769398
0.0349044793
-0.0422782075
-0.255401259
0.316472742
-0.291304134
-0.0639256908
0.323676719
-0.209139585
-0.0527343392
-0.319612605
-0.197861419
0.0333832198
0.269747745
0.133453725
-0.125659444
-0.185781551
0.137603289
0.0545391912
0.0104805022
-0.305621043
-0.297206072
0.0953140672
0.0929697197
-0.18135217
0.162276309
-0.257245716
-0.207487742
0.186767998
-0.0801490656
-0.000173204746
-0.0617916816
-0.0471441799
0.265414958
0.325065532
-0.142940152
0.315407463
0.0214881789
0.0391737974
0.1973635
0.306785293
-0.126057386
0.0649832588
0.179028261
0.17548426
-0.073712789
0.115831206
0.0908436734
-0.227532046
0.123140673
-0.124198441
0.203390061
-0.196671006
-0.222656231
0.244981106
-0.154352577
-0.253567016
-0.274987055
0.0289115727
-0.0877566978
0.306130964
0.207227962
0.124422871
0.243449108
-0.230887706
0.288279594
0.203428867
0.323323449
0.296309096
0.195312351
0.276671771
0.289287306
0.126307905
0.31255862
0.146720609
-0.0879457815
-0.22204465
0.237145908
-0.160394257
-0.0607791371
0.0457940009
-0.177695581
-0.270147509
-0.224888879
0.241871073
0.210818143
-0.205999593
0.0887339959
0.121922232
0.284562263
0.189711965
0.213363392
0.219491005
-0.307391753
-0.243984819
-0.315266683
0.0161949843
-0.256649684
0.0515595712
-0.31993643
0.135129314
-0.309616909
0.121650817
-0.0852634458
-0.00898448095
-0.0369393794
0.00472473566
0.0812860656
-0.197162037
0.326676272
0.0941237916
0.111830436
0.277330329
0.25687952
0.200159755
0.0155841775
0.29160623
0.315141808
-0.292668415
0.279059243
-0.0586098145
-0.165950986
-0.187224254
-0.166754048
0.307820804
0.0485628247
0.0648410393
0.135578754
0.143787197
0.226364846
0.0243544108
-0.0646205763
-0.153825481
0.0581863069
-0.253153162
-0.0496253466
-0.0381103567
0.313838873
-0.076558625
-0.293953894
0.232150989
0.260407978
-0.0773511679
-0.0595119693
-0.270995985
-0.311754502
-0.248893786
-0.159317902
-0.0104520561
-0.174174873
-0.0832202233
-0.196738299
0.152367683
0.101246599
-0.303281696
0.213046542
0.0715820811
-0.154212572
-0.159068965
-0.0254779289
-0.0422652227
0.00546677397
0.117460369
-0.16660424
-0.295666625
0.252508927
0.010268154
0.0266692057
-0.250133217
-0.279040403
0.0479629013
-0.295650238
0.142020899
0.267252222
-0.0678697088
0.183870939
-0.287569702
0.303937196
0.266137168
0.0318040241
0.0350532093
-0.284375834
-0.0666679693
0.0230133758
-0.211855878
-0.225109256
0.238558164
-0.229314269
0.0830930149
0.0389992999
0.32032577
-0.266331453
0.11069716
0.169444156
-0.115964243
-0.18254866
-0.158081634
-0.247648666
0.047527125
0.178399101
0.248036936
-0.124335216
-0.321304478
0.167747281
0.19850903
-0.229633537
-0.301387088
-0.31975179
0.0148596441
0.25915776
0.21080569
0.300396188
-0.0958839894
0.103360244
0.137783581
-0.0271582764
0.0133080005
0.0576806485
0.0376351438
0.063341234
-0.0162881915
0.0216449018
0.0678938305
0.209595898
0.00156875533
0.142424674
0.0859665889
0.27226736
0.0868219384
0.261832756
0.237359257
0.240614208
-0.227134326
-0.119193441
-0.282060742
-0.061466754
-0.0440232987
-0.100693713
0.182973844
0.293086971
