-0.0363234971
0.0039439522
-0.183035984
0.0311659661
0.0198651082
0.190317141
-0.0812991898
0.0292356772
0.0372435207
-0.0374028069
-0.0710484073
0.110245442
0.155765278
-0.051430235
0.112908836
0.0439217772
-0.157392619
0.0164804003
-0.174510979
-0.193989818
0.157556221
-0.157225146
-0.15907694
0.0643931715
-0.13647023
0.180727914
-0.0267736404
0.00852453424
-0.190509075
-0.171664949
-0.0508041521
0.0452565151
-0.129988106
0.101084603
-0.0916620458
-0.158579671
0.136173114
-0.148595907
-0.115929684
0.108599778
0.0644089047
0.0343222916
-0.0220564169
-0.0550252025
0.153947349
0.14845819
-0.0322821175
0.169900972
-0.110890623
0.0210773046
-0.175517068
-0.0769573713
-0.0594246757
-0.0410699548
0.0302870059
0.140095635
-0.11582204
0.158596777
0.168209578
-0.066294272
-0.132319312
0.0938092601
0.10301397
0.171316295
0.20030152
-0.172831011
-0.10306085
-0.107964133
-0.107407116
-0.172743697
-0.175757391
0.0308079826
-0.123423201
0.0636534472
-0.0129520009
0.0429897889
0.195919469
-0.143031086
0.0969978684
0.104884667
-0.195692449
0.0576518748
0.131969126
-0.0019840051
0.0570640479
0.0764746973
-0.148950183
0.0116991173
0.0093557932
-0.173624322
0.103874014
0.135172999
0.185108276
-0.0782986315
-0.0924321071
-0.143476308
0.0734865501
0.180505384
0.136663927
0.0137208575
0.0549987133
-0.16409232
-0.167976526
0.202637978
-0.00683930653
0.0277708807
0.00528503269
0.0851001919
-0.0778184471
0.153043892
-0.168095698
-0.13936177
0.0623015619
-0.0754316707
0.103108585
-0.0195054706
-0.06504718
-0.0539334512
-0.143589058
0.099279899
-0.0702425698
-0.161714559
-0.0673079807
0.0901732542
-0.104336268
0.149268948
0.176672022
-0.0654205283
0.187915378
-0.0744367407
-0.106443812
0.104475978
0.162382059
0.188392459
0.184675611
0.191009579
0.0661439936
0.0411681694
0.16105134
-0.146103243
0.0789841846
-0.186337346
0.17756116
0.0633708121
-0.0324520374
0.202815363
-0.0669329278
0.199959464
0.07641508
-0.0773484587
0.0501527703
-0.119050326
-0.131292072
-0.0689205097
0.0771813744
-0.0983491834
-0.185160672
0.0135716406
-0.140768873
-0.0758299341
-0.128242138
-0.0378780715
0.0658141172
0.067577418
0.127557157
-0.0366222155
0.193255622
0.00872274882
0.187635007
0.0338210689
-0.137402871
0.0239604641
0.0438716275
0.0405298569
-0.0543449962
-0.0369352857
0.0136933356
-0.164486848
-0.1144638
-0.137192723
-0.13674192
0.0879715354
-0.0906230166
0.151683313
-0.0381337294
-0.0452416903
-0.161768872
0.0318760511
0.12553833
0.0998150149
0.0409593855
-0.017400195
0.185033588
-0.131705537
0.0375278223
-0.139632836
-0.0326642769
0.00531022394
0.164225496
-0.0614799281
0.00657012065
-0.104052533
-0.184946254
-0.0311596067
-0.150353801
0.0459304559
-0.142374323
-0.182574009
0.0439892376
0.012551359
-0.0764446467
-0.0250879446
-0.0830491505
0.00720571072
-0.123269909
0.179365153
0.0303123314
0.0364325581
-0.00813727144
-0.133611014
0.0932096631
-0.162260867
0.0182508617
-0.203082481
-0.00770011782
0.129200555
0.0523791851
-0.125889164
-0.129393516
-0.116425127
0.0147439967
0.175611711
0.0814153959
-0.102100433
0.143182716
0.0642518486
-0.0849636127
-0.169975074
-0.143719764
-0.0771257261
0.0367608292
-0.0639032521
-0.00679305814
0.0864054397
0.170911521
0.145036343
0.167488114
-0.0382745878
-0.0510297224
-0.191641936
-0.106482111
0.125016304
-0.148166132
0.139817573
0.196005218
-0.0544538768
0.0477440543
-0.0873055136
-0.171327353
0.13740834
-0.107084666
-0.145898381
-0.141473269
-0.061780766
0.0514296842
0.0895279161
-0.0938487681
0.126082729
-0.109928043
-0.182115704
-0.0112356462
0.121794725
0.12517533
-0.080590968
-0.0237711444
-0.0517896087
0.06539271
-0.188349513
0.0949403189
-0.00482922976
0.0526072261
0.173894289
-0.134121948
-0.0616908348
0.18495744
0.195203637
0.041226568
-0.146971321
-0.03382115
0.000182530572
-0.0664480658
-0.199152014
-0.0193937829
0.0626143577
0.036099626
0.0424324115
-0.201829489
0.0511001705
0.0775407193
-0.00706390351
0.118089234
0.0972503297
-0.184252112
0.0730643645
0.118934681
-0.124001978
-0.195237573
0.130409287
-0.042949657
-0.00519174318
0.196678784
0.0934888444
0.0577502396
0.00461696844
-0.159088169
0.140799704
-0.161450887
-0.189095808
-0.026425332
-0.173567548
0.145605041
0.136518393
-0.0505257958
0.039141742
0.0586855184
-0.0895574563
-0.153304415
0.11004216
-0.0612186126
-0.1618236
-0.182105792
-0.050171376
-0.0727911998
0.0547427309
-0.00891379383
-0.0745886159
-0.106858513
-0.0491512446
0.116741917
-0.0222227366
0.0397535557
0.199217777
-0.13883454
0.155058897
-0.178603947
-0.174335424
0.196398464
-0.103339978
-0.0357467479
0.149055386
-0.113715808
-0.0562226342
0.0709710044
-0.10769228
-0.0936168589
-0.0536207284
0.112181506
0.0892403531
-0.0631643902
0.0311762205
-0.17725259
-0.127831159
-0.18109518
-0.139174673
0.0622663523
-0.0752639463
-0.170754414
-0.00276329865
0.0801616372
-0.00171651774
0.0844195876
-0.161240317
0.0415754146
-0.172433768
-0.116286203
0.043943856
-0.103541482
0.16300219
-0.0658079615
-0.0223283084
-0.167862029
-0.0456761515
-0.154027469
-0.0148678686
-0.150216049
0.0888656741
-0.157084241
0.0790238839
0.0681274905
0.115065399
0.175244947
0.0243406012
0.0912065693
0.0288867572
-0.182808411
-0.17497148
-0.12935921
-0.11187793
-0.113263426
-0.0234770571
-0.0421032259
-0.0100132543
0.0421759614
0.0430528029
-0.0655818534
-0.203933418
-0.157602592
-0.167841742
0.0661702188
-0.0368908083
-0.196313877
-0.0867034894
-0.053997417
-0.176089954
0.0272826775
-0.140800119
-0.0381691976
0.0680297725
-0.165961266
0.132888063
0.114190376
-0.145144521
-0.175671305
0.105876698
0.108369757
-0.159230417
0.0530679983
0.0221483939
0.0363028667
-0.0126864479
0.167480314
0.165166255
-0.147481874
-0.169546005
0.201917285
0.163248251
0.15217978
-0.10389174
-0.015711585
0.145608614
-0.0816526302
-0.0353212739
-0.176842969
0.144073986
-0.120338153
0.123162763
0.118732702
-0.0624892338
0.166094018
0.148953265
-0.0234683158
0.0368948343
0.0189006659
0.194850198
0.0338911637
0.0777295515
-0.113701256
-0.109230769
0.113496741
0.133908335
-0.0765345245
-0.0358828928
-0.0037484136
-0.091947403
0.0844797301
-0.00622847271
-0.192107831
-0.0286248193
0.170861026
-0.123443878
0.157560037
-0.089062007
0.192911354
0.0912079796
0.151942483
0.0390484441
-0.131730962
0.0350965871
-0.0155879747
-0.104952067
-0.125431526
-0.113251097
0.106983303
-0.0349630907
-0.162153511
0.196025012
-0.20181997
0.0281355946
-0.0503177274
0.20388769
0.0150319985
0.0446784174
-0.14139194
0.192548111
-0.176939489
-0.132332928
0.041166279
-0.110915661
0.0123402198
-0.0103219767
0.171842478
0.144730444
-0.176385361
0.0759076015
-0.12489473
-0.10872646
-0.0563250002
0.148226657
0.0271215427
0.0433147985
-0.0157044359
-0.0806100002
-0.176897748
-0.063747464
0.0672867475
0.0189927979
0.0533256427
-0.103569029
0.168424779
0.187255028
0.155564781
-0.00792237838
-0.0741752504
0.0622086204
0.0486853059
0.0169164079
0.0563690139
-0.195610525
-0.117367705
-0.0424120834
-0.138598301
-0.161017764
0.0233920577
0.0272736987
-0.0782397918
-0.139806932
-0.0899363106
0.101252882
-0.132741794
-0.149181182
-0.0436394661
-0.195103182
-0.0830897358
-0.0321365856
-0.13945448
-0.170471191
0.0733569456
-0.0463886918
-0.0218682355
0.160210431
0.109507027
0.0983639437
-0.0334414267
-0.0634378647
-0.179753947
-0.076653107
-0.114095111
0.00696951381
-0.162612059
-0.146490893
-0.103763449
0.092173583
-0.189736804
0.0568657884
-0.0294004636
0.0920909138
-0.112726847
0.112653865
0.148687529
0.058401993
0.0791078104
0.0909484549
0.0359567529
0.0923351345
0.110772396
0.0736185388
-0.190767324
0.0858760877
0.0412054431
0.00450327648
-0.132055856
-0.00922773688
-0.195659372
-0.168606805
0.023072493
0.201854507
0.0864689836
0.114651973
-0.0629565896
-0.19933234
0.0564285086
0.101852438
0.156787553
-0.157005081
0.0291057587
0.122441909
0.198313457
-0.0861097093
0.023719355
0.0503097137
0.175271654
-0.122781796
-0.030566172
0.0340759852
-0.154271646
0.123586242
-0.193677262
-0.100485196
0.116327295
-0.137877812
0.0421676483
-0.0171793887
0.197962547
-0.0500111486
0.0290179683
0.0901949183
0.0753582883
0.204099806
-0.181038979
-0.0446027325
0.0457603794
0.197447199
0.11614194
-0.137636275
-0.126568424
-0.0388646239
0.150615851
0.0943234844
-0.127236569
0.201843961
-0.0398279668
0.0366969025
-0.183078317
0.113973124
0.0345336552
0.177254655
0.0871377266
0.0323048367
-0.0346621612
0.200226415
-0.196803768
-0.0264412645
-0.0587647079
0.145993321
0.0848947303
0.0333561831
0.197322843
0.157967203
-0.112119625
0.0918580416
0.14015685
-0.141218341
0.0480757592
0.101689328
0.0138503342
0.118611874
-0.00387209212
0.106436285
0.101146901
-0.0521047775
-0.0337930147
0.125384915
-0.0740511701
-0.027580911
0.167976999
0.203759687
0.0363820724
-0.00423435754
0.0891467102
-0.0281872871
-0.000734616276
0.14776811
-0.19646022
-0.175158701
-0.181422112
0.181517285
-0.183048406
0.113073857
-0.107930151
0.167454002
-0.194498078
-0.157780328
-0.14315428
-0.0380179506
0.153116771
-0.198924169
0.0544421563
0.145786646
0.0522743815
0.0414399398
-0.0685086787
0.0162986184
-0.132237625
-0.195720093
0.065233096
0.0111936721
-0.0606179966
0.0640310784
-0.144371077
-0.0468565971
-0.0676154951
-0.129061801
0.0785443685
0.200547501
-0.118026009
0.0190135404
-0.13014263
-0.0869431262
-0.0446599198
-0.0229166455
0.039863892
-0.0541198507
-0.0613083423
-0.183339765
0.13145601
0.151415147
-0.115987145
0.100279892
-0.0980260576
-0.123956045
-0.0385356986
3.52133587e-05
0.0619261073
0.199193981
-0.0295292441
-0.191076742
-0.190587445
-0.0234224976
-0.129928266
-0.0189178251
0.0647909501
0.154689057
0.162116398
-0.190488937
0.192421193
-0.0886725752
0.101896579
-0.139973618
-0.108354694
0.0650252398
-0.141971147
0.076354286
0.114051442
-0.173647962
-0.16561703
-0.0552652862
0.166479186
0.0957262473
0.122874845
0.0853474007
0.146853143
0.10105686
-0.0424306502
-0.0392638367
0.0383151583
0.0173457526
0.0548065477
0.0185481721
-0.00740280756
-0.12901263
-0.0199671665
0.0356608887
-0.0858681772
0.142887676
-0.184087421
-0.0307320739
0.112485331
-0.0879083694
0.144334497
0.0541285926
0.0764245928
-0.111130032
0.101949302
0.18962631
0.028484645
0.200356429
0.122605432
0.180311492
0.155862295
0.150508122
-0.0665735407
-0.0200761615
-0.0191539363
-0.0915669081
-0.0379608261
0.00758443561
0.0354493999
-0.156277442
0.081626715
-0.16272337
0.172144966
0.0471170774
0.0149307722
-0.158952701
0.159332375
0.0257375528
0.0302376238
0.054579861
0.187453022
0.142108996
0.160268605
-0.0971820811
0.0946346509
0.188831821
0.0827569589
0.101059032
-0.0893572983
0.0392725987
0.0825146142
-0.10253478
0.111302849
0.183241399
0.0392710209
-0.171043503
-0.149340909
-0.0820046305
0.14452962
-0.203826395
0.169726423
-0.0224323059
0.086684845
0.0884228662
-0.194561491
-0.125515918
0.184477723
-0.0562426396
-0.060633982
0.145221928
0.113100206
-0.188115729
-0.0193372916
0.1948455
-0.158278966
0.183196261
-0.128620968
0.123130729
-0.173517737
-0.0181716621
0.144422209
0.125666226
-0.0944461129
0.0238918908
0.173553466
-0.197694205
-0.12175792
0.154543533
-0.0215214194
0.0662790667
-0.0129029029
0.121013172
-0.0217917133
-0.0137959143
-0.156849268
0.0291581063
0.138228791
-0.144868462
-0.0575348455
-0.132218676
0.103570963
0.191213154
0.155201532
0.0856309447
-0.0543398182
-0.1100976
-0.0256111755
-0.171011801
0.0677269185
-0.042824549
-0.152918606
0.167042618
0.126091777
0.0168625922
0.0976150385
-0.102165723
0.0763412336
-0.00135470501
-0.190385586
0.0273093221
0.121040617
-0.0447336112
-0.172521055
-0.154630613
0.135290554
0.0901668171
0.141097071
0.164147701
0.0259522126
-0.200074536
-0.095081574
0.0449355401
-0.103685325
0.0969215649
-0.192206785
-0.0196611414
0.0924382676
-0.121106687
0.13276414
0.0512862934
0.203186417
-0.0876248797
0.139951598
0.149706098
0.184450534
-0.162592197
0.163835574
-0.155072696
0.020737375
-0.18996411
0.131184958
0.185305764
0.170936629
-0.0368619316
-0.073683792
0.191531465
-0.107949215
0.0422828389
0.14258755
0.0384552846
0.140514905
-0.0622102318
-0.09178646
-0.00926870391
0.12855378
-0.116147386
0.19293788
-0.144605659
0.0651838213
-0.139051471
0.00476383547
0.0313126661
-0.0523702585
0.170760821
0.200513191
-0.1058508
0.128704013
-0.169358674
-0.0739045013
0.139794554
0.0469563277
0.0869050942
0.0848627324
-0.0523698102
0.123112073
0.103303727
-0.0184372924
-0.109383375
-0.0428409523
0.181692737
-0.0491460337
-0.0449507996
-0.176250924
-0.182274127
0.143140773
-0.1265393
-0.113927778
0.100902745
-0.0162070338
0.0705114468
-0.100185441
0.075774292
-0.175787259
-0.0732324319
0.112866569
0.0395447826
0.089903443
0.0171080428
0.0879714988
0.0310875117
0.0422761281
0.0421548386
-0.0794015771
0.0744833529
0.17213176
-0.0915969414
-0.142154442
-0.114652645
-0.0177898216
0.120368355
0.0374800647
-0.149251011
0.0946925691
0.163607834
0.0549895366
0.0571401247
0.064550435
-0.112044364
0.103190189
-0.190986111
0.0654558938
0.120004576
0.104798078
-0.20335809
0.159848703
0.0459245852
0.169496211
0.0957027343
0.126857605
-0.162351934
-0.0404624317
-0.0351337268
0.147327832
0.171921728
-0.177955091
0.112221269
-0.0590975632
-0.120833271
0.0204916439
-0.111531682
-0.197981589
-0.0368334906
-0.0514472908
-0.190708297
-0.187245972
0.112242321
0.021956325
0.10918405
-0.0958133513
0.190441645
-0.153400393
-0.0965194828
-0.107775214
-0.0822774308
-0.0970873795
0.129241148
0.0756904781
0.0516308297
0.0845988778
0.197163696
-0.024468502
0.123573414
0.0778157685
0.184512426
-0.0491005803
0.193834367
0.0690298794
0.0939151313
-0.137201485
-0.0485973631
0.0235276074
-0.0418505862
-0.0343438314
-0.0882855515
0.0841615797
0.177826806
-0.0814635525
0.0766793715
-0.197705184
0.00192549091
0.037051885
0.170003301
-0.142844252
-0.0267585781
-0.0189893324
-0.0122882808
-0.00337585206
0.0890568669
0.0513457029
0.0277587786
0.0192847223
0.150468936
0.0880254239
0.140089633
0.180403164
0.110186818
0.00184511073
0.172210063
-0.191621692
-0.199606227
-0.0299526137
-0.104327911
-0.0624269054
-0.0154087408
-0.0390287773
-0.163182927
-0.0533244897
0.176124702
-0.0804223547
-0.102797711
0.151039545
0.00480778302
-0.199830527
0.0118524358
-0.195493011
-0.145331141
0.065076041
-0.0869303119
-0.116603509
0.155901474
-0.0797990152
0.106977642
-0.105770149
0.196980897
-0.0969573476
0.138333476
0.00203355406
-0.120739073
-0.0179539121
-0.11712901
0.0480393087
0.149313516
-0.155632367
-0.079679641
-0.133582666
-0.193762664
0.0227125836
0.0501062639
-0.0222687297
-0.0191405416
-0.076776676
0.0141549518
-0.202009491
0.045866235
-0.082687774
0.0761245873
0.0436064521
-0.0213883983
0.00488264122
-0.135801436
0.121531452
0.0461313696
-0.175450814
-0.0829449453
-0.0409359462
-0.0523389037
-0.0908823782
-0.00993344587
-0.0173294135
0.0050972045
0.0655586348
-0.129838065
-0.0728419667
0.0575159313
0.126581086
0.157940222
0.12502408
-0.143303063
0.153605168
-0.0202024857
-0.0393376384
0.0664261994
-0.0909306702
-0.177983349
0.177541555
0.0807848732
0.142933821
-0.0148816325
0.0245318256
0.10438968
-0.166207759
-0.194876709
-0.147864414
0.0151669178
0.203261325
0.16037251
0.0113376391
0.0613682093
-0.0713621961
0.00890129389
0.00629081562
0.0855180143
0.165227336
-0.00205182524
-0.051357789
-0.139732553
-0.115149874
-0.0213052343
0.0277696939
-0.0879241863
-0.0991015476
-0.0876665544
-0.137543739
-0.157766005
0.0580321837
0.0491619912
-0.0162369129
0.15408265
0.169262976
0.192416164
0.195523458
0.129998059
0.0489854902
0.0227496191
-0.189611755
-0.164482055
-0.125668813
-0.196269096
-0.0121605507
0.124595953
0.101770767
-0.128720845
-0.0504813398
0.187717614
0.101270028
0.182900959
-0.063682072
0.104790751
0.184858246
-0.0997904831
0.193209901
-0.139597247
0.193639914
0.0500789762
0.0289700745
0.197485373
0.0229773109
0.126892564
-0.0652948052
-0.00232089487
-0.0936837693
-0.0501979803
0.0344306536
-0.16155547
0.119388655
-0.167744825
0.123398606
0.163128753
0.142402337
0.127884157
0.0323998109
-0.0424244921
0.167133995
0.147792276
0.15508174
-0.166215076
-0.124849924
0.173473661
-0.178362887
-0.179333587
0.189297244
-0.166357031
-0.144559352
0.0385926295
0.0952125584
0.0734979565
-0.0686863548
0.0797741164
0.0387867141
0.00642948797
0.159721108
0.109207322
0.192048128
0.193570367
-0.0218725911
0.0388140985
-0.117898885
-0.00674853839
-0.0442186559
0.00666022418
-0.0984486407
-0.0521458216
-0.196559646
0.136712195
-0.000728224052
-0.104195211
0.136942387
0.177766089
-0.0347704828
-0.0986596852
-0.157935639
-0.0801616468
-0.154069943
-0.179458382
0.0926603414
-0.108885719
0.0712053851
0.0917638412
-0.0375589323
-0.0583517154
-0.193255689
-0.0700535403
-0.197867876
0.11272063
-0.0711469573
0.120985601
0.184243626
0.139298292
0.193785219
-0.17080081
-0.0366796324
0.0285585743
0.201221184
0.0977771062
-0.150923715
0.0999742167
0.0462018918
-0.17042605
-0.14597258
-0.120952618
0.0653461552
-0.17949382
0.00702217145
-0.014798511
0.1415522
-0.0251130772
-0.0666722256
0.158287264
0.130376228
0.144914909
0.0758731279
-0.048373315
-0.0403291238
-0.0908307144
-0.0866976185
-0.201639954
-0.0949429265
0.0709980562
-0.0935075153
0.169216455
0.0817624578
0.176628045
0.0710204135
0.0289590541
0.020908449
0.200480671
0.0678806472
-0.0213474435
-0.0957424351
-0.15329821
0.053587444
0.137696223
0.101039017
-0.0116688888
0.0911709143
-0.0116870807
0.044909886
0.0533624479
0.192291389
0.0409733673
-0.184783391
0.0211452537
0.201337556
0.0629912759
-0.13963309
0.101645309
-0.176907895
-0.127831117
-0.0404764475
0.0436988324
-0.123851541
-0.124112021
0.0251506204
0.184989527
0.0544929869
-0.180104972
-0.130396874
-0.185495426
-0.199072751
0.0241042002
-0.0552824387
-0.0587782091
-0.192071987
0.138682812
0.12635076
-0.195445114
-0.00924443608
-0.193759707
-0.164259207
-0.0932757803
0.0553683208
-0.0313668072
-0.184148667
-0.188632838
-0.035069699
0.0361782262
0.0241082046
-0.0446841707
0.00250057927
-0.0191860062
-0.18766369
0.199558242
0.168450246
0.0957401673
-0.175664418
0.0399060473
0.0874093334
0.0555247561
0.0961376401
0.155155489
0.124837441
-0.141428399
0.0553802252
-0.162520957
0.193467965
0.0780973157
0.0970822442
-0.0724422277
-0.135553428
-0.0485013707
0.088284818
-0.111734568
0.122490929
0.00440932937
0.159204705
-0.0548033059
0.0864444473
-0.04063745
0.104855494
-0.0919532958
0.137854171
0.13621807
-0.109594712
-0.0439974705
-0.0544029331
0.169860199
-0.0120170206
0.196828237
-0.118598946
-0.0549613139
-0.162770505
0.0721310608
-0.136800986
0.150688305
0.0902298883
-0.0146476188
-0.0142318437
0.115600352
0.0644336241
0.171335681
0.0660433552
0.0733961225
-0.0842051263
-0.0215561223
-0.128878839
0.0324679153
-0.0968114611
0.142299783
-0.145124312
-0.120767368
-0.105323896
-0.137591998
0.125730969
0.019240077
-0.174429412
-0.00160577361
-0.126331518
0.0426463047
0.190988652
0.131835211
-0.182876274
0.104069111
-0.106283984
-0.138954974
0.00955704779
-0.182445969
-0.155775311
0.0752022007
0.137508924
-0.0869241811
0.186706819
0.0909218617
-0.0466453769
0.11277734
0.0840872525
-0.1198375
-0.121392128
-0.202800298
0.157802988
-0.0323299996
-0.189988317
-0.197710794
-0.20097623
0.0114120488
-0.169184153
-0.0459525706
0.0536429315
-0.16243492
0.119446884
0.00281960519
0.0132726603
-0.0233769011
-0.158579469
0.175578018
-0.116050342
-0.118292898
-0.0236197574
0.161337534
0.120889008
0.127970745
0.0932281874
-0.186777409
-0.0835644572
0.06439845
-0.162030409
0.0258246658
-0.203924926
0.0246569649
0.101482793
-0.152277892
0.131590884
0.0834483239
-0.19480488
-0.174938136
-0.137373591
-0.0568605562
-0.16257754
0.094613641
0.0928736976
-0.129682861
0.0808847393
0.0701219494
0.167172773
-0.0834137574
-0.0426070721
0.14852858
0.104688165
0.0490340122
0.0995243414
-0.168298948
0.0999323448
0.0660575723
-0.0883877666
-0.0613992573
0.0509695901
0.193659622
0.00736942611
0.0678816544
-0.0262768157
-0.0892577584
-0.0986165936
-0.114191497
-0.170884613
-0.131855164
-0.0739393785
0.175779231
-0.117974513
0.189336135
-0.155527245
-0.0845453455
0.0385819584
-0.00653908791
0.172139169
-0.143353074
0.128665187
-0.127608692
0.147978432
0.140440588
0.0908101059
0.0698703202
0.0142556589
0.202862884
0.155485376
0.0894675873
0.0944931741
-0.0387076323
0.198355107
-0.16458335
-0.14804709
-0.0760266033
0.0482117647
-0.0651256327
-0.173947539
-0.174629522
0.156808612
0.0780041738
-0.127059888
0.0223129932
-0.189427626
0.112361204
-0.184156484
-0.161557492
-0.0426297687
-0.0802428677
0.0732407828
-0.123320474
0.0233377663
-0.0428650905
-0.139754459
-0.189015753
0.148159314
-0.121287729
-0.203890019
-0.0302495252
0.130242324
0.0630211602
0.0518428929
-0.0574403266
0.0466445022
-0.168895487
-0.0168664747
-0.101288813
0.00785698365
-0.00659104701
-0.180428716
-0.189591607
-0.056098753
-0.157999075
-0.055228725
-0.130773492
0.0802199224
-0.186410387
0.0103949038
-0.148631176
0.12109389
0.0870400515
-0.189261544
-0.0876536079
-0.202019658
-0.198465635
0.11638863
0.0472287114
0.00975000717
-0.178396601
-0.0686992037
0.00779052036
-0.182697765
-0.0843940448
0.146054618
0.00547553431
-0.033846297
0.140187523
0.131164127
-0.054706075
0.150397097
-0.129454579
-0.181331417
0.189249075
-0.141783014
0.169943506
0.13889984
0.04806456
-0.0300049518
0.141327554
-0.0224019827
-0.110454637
0.19550943
-0.0431125033
0.157748865
0.187721779
0.137688035
-0.0652618029
0.179900983
0.0319271861
0.0275760756
-0.185397075
-0.0348831927
-0.140111506
0.0164792571
0.0548732823
0.0169372912
0.0208762253
-0.202277269
-0.141753019
0.0335078004
0.107454883
0.0949948423
-0.00470034291
0.0645986145
-0.116243401
-0.00839557148
-0.0381665121
-0.0968381421
0.138671265
-0.137808388
0.180483327
-0.0615568408
-0.0625536045
0.117906776
0.113745439
0.0356087632
0.0120367993
0.0652181732
-0.04260346
0.0491025138
0.180367758
-0.174135105
-0.189959215
-0.152499466
-0.102504644
0.149762823
-0.161248311
-0.203710566
-0.0855846471
0.123762662
-0.151615341
-0.171489389
0.117113587
-0.133574531
-0.0931224222
0.164061543
-0.152200116
0.0966921085
-0.177764
0.168104475
0.186047726
0.0206333593
0.174119026
0.0885955719
0.0391046451
0.0260281075
0.137814031
-0.0394108289
0.0334855964
0.163108085
-0.134083405
-0.0686532988
-0.116829575
0.171835012
0.00436862647
-0.144983244
0.0280641298
0.0630116737
-0.0680698985
0.0280002163
-0.156611633
0.0521390946
-0.180468603
0.108937756
0.132466965
0.153859684
0.032749771
0.0126536334
0.0296513674
0.179018108
0.102469544
0.153452195
-0.180657261
-0.0985165003
0.189705553
-0.141362499
0.170313681
-0.0794731109
0.105366685
0.047763739
-0.0187363705
0.156479794
-0.0299771023
0.0828161477
-0.190025376
0.179060887
-0.0460706236
0.0341466989
0.14590614
-0.0861966582
-0.00896467967
-0.19424763
-0.126659115
-0.0501447855
0.0307342648
-0.0392777728
-0.138362954
-0.0872658786
-0.0605824777
-0.120903222
-0.161188302
-0.198411241
-0.0995195484
0.189523528
-0.0878757337
0.0397087238
-0.132080756
-0.117370968
-0.184759478
-0.121325078
-0.15628827
-0.0919505717
0.104927622
-0.20170999
-0.0747240584
-0.09498568
0.167645446
-0.101741878
0.164694749
0.108596606
-0.164655573
0.0966506594
-0.126460147
0.125598864
-0.00239737101
-0.190671078
-0.146342881
-0.174678193
-0.0967315923
-0.0507165664
0.181333329
0.084058547
-0.135712909
-0.0645906359
-0.00322260436
-0.202711148
-0.0129952762
-0.157111431
-0.154591746
-0.199942257
0.121819535
-0.0251070456
-0.0655869927
-0.0310720902
-0.196774146
0.105884846
0.147322663
-0.146238754
-0.1835901
0.175445636
0.184535874
0.167558045
0.157158017
0.106814434
-0.183357881
0.17774771
-0.101680179
0.121872539
-0.119032643
0.0456213942
-0.136186069
-0.16728508
0.0396353212
0.16873039
0.0260144452
0.141442131
-0.0125464835
-0.152478675
-0.0567200661
0.116136309
0.120277168
-0.200153043
0.0425035977
-0.123196196
0.0734799497
0.0293353568
0.0520587126
0.162625269
-0.108396892
-0.155486862
-0.0634259997
0.159108932
0.00684567891
-0.168509449
0.173078542
0.0722634742
0.201042665
-0.0907843256
-0.072032192
0.15985632
-0.16817297
0.177114272
0.199580306
0.178904437
0.199596565
0.193996188
0.178014285
0.186992506
0.0787316883
0.138486428
0.148054094
0.167643046
0.167633092
0.114819203
0.0139105047
0.134736306
-0.113760725
0.135183468
-0.0374429754
0.186134513
-0.0526087779
-0.0209767959
0.178557958
-0.118793123
0.100829406
-0.164374773
0.00486995297
-0.0124040831
0.177561455
-0.0461103682
-0.0165646862
-0.0956966097
0.0405567116
0.202324997
-0.0456763655
-0.178898145
-0.0663866246
-0.138617522
-0.0750823676
0.0745990647
-0.0134213193
-0.201207959
0.0981728583
0.177108247
-0.141910837
-0.094865046
0.0579396661
-0.0922173907
-0.0233388826
-0.0534125785
-0.10168091
-0.170691987
0.141497082
-0.165384861
-0.199335667
-0.116637033
-0.0602758564
0.124267252
0.098829947
-0.126656103
-0.0478987343
0.0910675901
0.104574506
0.12049967
-0.0193405403
-0.0655618131
0.122619147
0.141235632
-0.142095657
-0.145872336
0.0167713074
-0.158174121
-0.115843531
-0.187106261
-0.179160328
-0.181078643
-0.0877128612
-0.0808573287
-0.185162697
-0.0156107171
-0.169231673
0.169816936
0.0675910463
-0.0497072852
0.175726525
0.188456343
0.12238506
-0.0318905938
-0.0779488724
-0.00348348792
0.0785636716
0.10575748
0.0486789201
0.0945030492
0.161762961
-0.0787509957
0.190979028
-0.0018252883
-0.144831346
-0.142626323
0.061555179
0.0700251664
-0.184163753
0.149334145
0.0710425466
-0.0298011296
0.0560312415
0.187381948
0.0681440328
-0.0386210412
-0.157107473
0.187407944
-0.137612208
0.170632503
-0.161847351
0.0219145179
-0.0366694725
0.0396559896
-0.152560805
0.00604710944
-0.0397298955
0.182586403
-0.00576473858
-0.128623758
-0.154144773
-0.192661252
0.179961731
0.00170039648
0.122729608
0.139938664
0.0910122629
-0.0747727661
-0.0116204598
0.0267127567
-0.110036206
-0.0203640803
0.181873887
0.0732453451
-0.00390961596
0.176847994
-0.0911736271
-0.0892520813
0.164774441
-0.0724502695
-0.175309992
0.162365724
-0.109641155
0.0357704933
-0.0540492703
-0.182341486
-0.162085838
-0.0622003844
-0.112543032
-0.113179931
0.00651438791
0.0919334532
-0.109403145
-0.00392476193
0.0755453204
-0.0252760487
0.0780406816
-0.0338381979
-0.200735627
-0.00230477082
0.054624724
0.0050683253
0.145692499
-0.174205983
0.0159517378
-0.0938118414
0.139417547
0.0289456165
0.167247585
-0.0592275963
0.0401166269
0.163639218
0.0224699848
0.19266645
-0.150722341
-0.190852042
0.196604825
0.00947105871
-0.127186582
-0.125613071
-0.156858946
-0.033900128
0.140238722
0.0437434163
-0.0505382477
0.0724990513
0.049340134
-0.0596393826
-0.00964083814
0.0160473656
0.147432444
-0.0596115321
0.148002404
0.178113027
-0.0957438496
0.0716514719
-0.201728747
-0.170678531
-0.161392382
0.156931728
0.042908124
0.194380089
-0.165185698
0.0853582846
0.0386171598
0.090086274
-0.155983854
-0.00969775636
-0.103767119
0.125583712
-0.0844784343
