0.362609045
-0.0852293756
0.462483549
-0.123327815
-0.207893101
-0.416690871
0.249229734
-0.230886717
-0.433560694
0.292980547
0.497585746
0.454211494
-0.480637855
0.455101689
-0.209319329
0.366596074
-0.320115477
0.36241864
-0.365379447
0.155081553
-0.392997919
0.462132062
-0.119780347
-0.41445979
-0.130898124
0.0555248501
-0.334577852
-0.0264822943
0.226677131
0.235686174
0.180280368
0.376811326
0.443902781
0.444449386
-0.133517569
0.129770794
0.294535464
-0.498331793
0.175148225
0.153372492
-0.0533583508
-0.0724457342
-0.0781080331
-0.409102367
-0.139731197
-0.152795276
0.114911064
0.0683348811
-0.226146946
0.425724043
-0.307049155
0.236141518
0.0771552366
0.211897124
-0.508915608
-0.403224399
-0.305494481
-0.170966297
-0.330688921
-0.506502942
0.210259286
0.380645063
-0.0707512638
-0.0178559999
0.450713914
0.474528164
-0.221919872
-0.167525651
0.427798534
0.425407886
0.243005589
-0.399078667
0.166892571
-0.13991128
-0.479851226
-0.192292042
0.486751827
0.184848175
0.0475232103
0.36776518
-0.345014579
0.487176289
0.45525
0.146448498
0.383004567
0.0645994725
-0.138932587
0.0718346034
-0.038642869
-0.404009105
0.219588928
-0.505983483
-0.21478029
0.118353781
-0.041698585
0.0320213184
0.304030581
0.462352736
-0.403113744
0.424536973
-0.339638196
0.0521184122
-0.3947899
-0.0750237997
-0.126049434
0.0973091391
-0.332828591
0.433021249
0.147503573
0.0651352388
0.0866155264
0.0624416222
